Dre : [5, 9, 19, 40, 42, 64, 66, 87, 96, 115, 126, 133, 139, 142, 145, 145, 146, 151, 162, 193, 213, 217, 222, 225, 234, 242, 262, 264, 267, 298, 306]

blinding lights : [5, 7, 14, 23, 28, 30, 34, 48, 51, 53, 54, 62, 64, 65, 66, 67, 68, 72, 75, 76, 80, 85, 88, 93, 93, 97, 99, 105, 108, 110, 116, 128, 129, 130, 135, 141, 141, 143, 144, 145, 153, 154, 157, 166, 172, 183, 194, 195, 201, 206, 226, 235, 238, 243, 248, 248, 264, 265, 265, 271, 273, 284, 288, 293, 294, 296, 303]

All night 1/4 : [0, 1, 1, 1, 1, 2, 2, 2, 2, 3, 27, 30, 30, 30, 71, 87, 104, 120, 140, 140, 140, 140, 141, 141, 141, 165, 187, 187, 187, 188, 188, 212, 215, 216, 218, 239, 239, 239, 240, 240, 264, 286, 286, 286, 287, 327]

All night 4 : [0, 4, 52, 71, 77, 80, 82, 84, 88, 98, 105, 107, 109, 125, 128, 130, 132, 136, 151, 163, 165, 184, 188, 192, 196, 199, 203, 230, 249, 251, 253, 255, 263, 265, 270, 272, 276, 278, 280, 284, 290, 292, 324]

Get lucky no fade :  [0, 9, 15, 16, 22, 22, 29, 29, 35, 36, 42, 43, 51, 58, 61, 66, 72, 73, 78, 85, 89, 89, 98, 99, 110, 111, 114, 118, 121, 122, 134, 140, 142, 148, 149, 158, 160, 167, 168, 169, 174, 187, 190, 196, 197, 211, 212, 216, 216, 225, 230, 241, 270, 273, 280, 290, 290, 294, 297, 299, 303]

Get lucky fade : [0, 5, 14, 15, 17, 17, 18, 19, 19, 20, 20, 21, 21, 22, 23, 26, 26, 33, 38, 39, 46, 56, 57, 58, 59, 60, 60, 61, 68, 72, 106, 108, 109, 115, 117, 120, 120, 121, 142, 145, 145, 149, 155, 166, 169, 170, 170, 172, 175, 180, 181, 186, 190, 190, 191, 194, 194, 201, 202, 207, 210, 213, 222, 225, 230, 231, 234, 237, 243, 243, 246, 247, 259, 268, 268, 277, 280, 284, 291, 300]
